ID	HLT_pres	HLT_abs	NORA_pres	NORA_abs	effect_size	pvalue	fdr
gene_id_62568	0	16	11	7	-0.695652173913	0.000126502213789	0.235954573708678
gene_id_29546	8	8	18	0	-0.692307692308	0.000708848611747	0.235954573708678
gene_id_90049	6	10	17	1	-0.648221343874	0.000630329996292	0.235954573708678
gene_id_62569	0	16	9	9	-0.64	0.00114506314205	0.235954573708678
gene_id_55079	0	16	9	9	-0.64	0.00114506314205	0.235954573708678
gene_id_83051	0	16	9	9	-0.64	0.00114506314205	0.235954573708678
gene_id_79069	0	16	9	9	-0.64	0.00114506314205	0.235954573708678
gene_id_3694	15	1	7	11	0.598484848485	0.00110912285793	0.235954573708678
gene_id_3690	15	1	6	12	0.637362637363	0.000365213287784	0.235954573708678
